kmeans([[3.0,7.0],[0.5,1.0],[0.8,0.5],[1.0,8.0],[0.9,1.2],[6.0,4.0],[7.0,5.5],
[4.0,9.0],[9.0,4.0]],3,Clusters).
kmeans([[0,0],[1,0],[2,0],[5,0],[6,0],[10,0],[11,0],
[12,0],[13,0],[15,0]],3,Clusters).

centroid([[3.0,7.0],[0.5,1.0],[0.8,0.5],[1.0,8.0],[0.9,1.2],[6.0,4.0],[7.0,5.5],
[4.0,9.0],[9.0,4.0]],Centroid).
centroid([[0,0],[1,0],[2,0],[5,0],[6,0],[10,0],[11,0],
[12,0],[13,0],[15,0]],Centroid).

vsum([3.0,7.0],[0.5,1.0], V).
vsum([0.8,0.5],[1.0,8.0], V).

vsub([3.0,7.0],[0.5,1.0], V).
vsub([0.8,0.5],[1.0,8.0], V).

norm([3.0,7.0], V).
norm([0.8,0.5], V).